${Date.now()}${Date.now()}${Date.now()}${Date.now()}${Date.now()}${Date.now()}${Date.now()}${Date.now()}1768282010087 
1768282010116 
1768282010281 
1768282010299 
1768282010468 
1768282010486 
1768282010640 
1768282010659 
1768282010749 
1768282010765 
1768282010925 
1768282010940 
1768282011060 
1768282011076 
1768282011227 
1768282011244 
1768282011376 
1768282011393 
1768282011529 
1768282011548 
1768282011744 
1768282011762 
1768282011901 
1768282011919 
1768282012052 
1768282012069 
1768282109427 
1768282109453 
1768282121427 
1768282121447 
1768282121602 
1768282121618 
1768282121757 
1768282121775 
1768282121907 
1768282121924 
1768282122051 
1768282122075 
1768282122222 
1768282122243 
1768282122440 
1768282122456 
